uNIQuE 861 192 1675 365
DIAGNOSTICS 1756 164 3180 320
PATHCLOGY 1061 389 1949 520
LABORATORY 2005 373 2978 494
Address 413 605 642 657
: 668 617 676 653
Flat 715 602 807 653
No. 828 600 909 651
6, 933 598 975 657
4 997 597 1026 648
DEF, 1049 596 1167 651
1st 1195 594 1265 645
Floor, 1288 593 1424 649
Tejas 1446 590 1579 656
Kamdhehu 1603 586 1877 638
Estate, 1903 582 2075 639
Opp. 2100 580 2218 645
Mantri 2244 576 2399 629
Market, 2423 574 2608 632
Above 2644 572 2806 622
Sai 2828 568 2907 621
Fashion, 2932 566 3146 625
Hadapsar, 716 681 973 744
Pune 999 679 1128 729
- 1149 705 1165 712
411 1184 675 1265 725
028, 1296 673 1401 724
Phone 1428 672 1590 721
No.: 1613 669 1711 719
(020) 1736 665 1865 730
26998119 1888 661 2139 715
/ 2160 660 2173 712
9970895533 2193 656 2513 711
/ 2534 654 2548 706
9766607365 2568 650 2888 705
mmf 188 720 1381 823
  209 220 799 400
  2291 524 3255 542
  2038 537 2288 546
  1383 745 2641 768
REG 532 820 663 866
N0. 679 821 788 866
I 941 830 951 857
OPD/ 1000 821 1167 868
362 1187 816 1283 869
NAME 531 920 724 968
I 939 930 951 957
Mrs. 997 921 1117 968
Pallavi 1156 920 1341 969
Dalvi 1360 920 1507 970
SEX 2739 926 2859 973
i 2957 928 2967 953
Female 3000 928 3192 974
REF 531 1018 649 1066
BY 669 1018 760 1066
= 940 1030 949 1057
_ 1037 1074 1040 1076
_ 1891 1084 1893 1086
DATE 2735 1025 2908 1073
i 2956 1028 2965 1054
'21/02/2016 2997 1025 3287 1074
URINE 1439 1284 1685 1337
PREGNANCY 1708 1284 2203 1338
TEST 2224 1285 2423 1340
_ 327 1622 330 1624
I 448 1614 451 1618
Result 561 1530 729 1578
_ 1034 1610 1062 1612
w 1096 1608 1109 1610
f 1162 1609 1171 1610
V 1225 1606 1247 1609
f' 1280 1544 1303 1605
I 1435 1545 1443 1581
Negative 1496 1533 1733 1601
f 188 1645 235 1657
Method 561 1628 765 1674
I 1435 1641 1441 1677
Rapid 1496 1629 1656 1690
Dr. 2501 4072 2591 4126
Vijay 2619 4070 2790 4140
Patil 2817 4066 2967 4124
MDPathology 2611 4148 2971 4201
Available 371 4321 684 4374
Facilities 713 4316 1016 4369
:0 1047 4325 1112 4364
24Vhrs 1133 4312 1339 4381
Pathology 1368 4307 1688 4368
Service 1715 4304 1953 4356
a 1982 4316 2022 4352
Home 2056 4300 2244 4350
Visit 2269 4297 2410 4348
Services 2435 4294 2712 4346
Available, 2739 4289 3044 4346
o 1085 4409 1113 4436
Sonography 1143 4386 1533 4449
a 1561 4400 1602 4434
Digital 1634 4382 1829 4444
X-Ray 1855 4380 2048 4439
o 2079 4394 2108 4421
2D 2141 4377 2227 4426
Echo 2257 4375 2415 4424
a 2465 4388 2507 4421
Color 2539 4372 2711 4421
Doppler. 2736 4368 2995 4426
  0 4626 3273 4649
  0 4626 3273 4649
  0 4645 3287 4646
